208 310 22 20
391 477 25 39
72 100 23 21
464 463 34 35
286 190 24 23
242 439 29 29
458 293 33 22
425 234 23 32
110 261 30 37
234 126 35 30
276 534 37 37
457 163 36 23
555 129 20 33
520 526 25 34
173 252 29 25
502 86 25 23
197 551 31 22
538 453 29 38
119 379 37 34
340 389 37 33
455 366 20 34
123 544 39 38
53 517 39 21
552 358 20 27
241 367 30 28
56 378 26 20
157 191 36 24
319 468 20 37
264 303 21 34
297 110 25 28
137 464 23 30
329 291 37 31
357 228 24 29
356 555 37 27
127 52 26 30
398 377 27 20
528 213 38 31
282 43 22 21
44 270 26 22
382 108 32 39
78 455 20 29
50 169 23 20
520 282 24 30
206 62 27 36
458 541 30 29
557 45 26 22
135 114 26 21
43 47 20 22
447 104 21 30
79 324 20 23
